TR	Compartment	Forest	Slope	Aspect	BA	Deadwood	Stumps	LLCover	LLDepth	ShrubCover	pH	N%	C%	K	Ca	Mg	Na	CanO	m from stream
1	190	ys	0	flat	77	6	1	100	1.7	16.7	5.9	0.317	2.63	0.45	7.7	4.23	0.035	10	5
2	190	ys	20	se	66.66	6	0	88.3	1.3	17.5	6.8	0.317	3.136	0.68	15.68	4.18	0.052	11	65
3	190	ys	18	se	66.66	6	0	80	0.7	21.7	7	0.325	2.754	0.45	11.83	3.33	0.026	12	125
4	190	ys	25	s	63.33	4	0	50	0.5	40	7	0.317	2.711	0.79	14.3	3.16	0.035	14	5
5	190	ys	5	s	76.66	4	0	87.5	1.25	35	6.1	0.358	3.347	0.45	12.1	3.52	0.026	17	65
6	190	ys	3	se	50	4	3	91.7	0.75	10.8	6.3	0.408	4.237	0.68	12.1	4.92	0.026	13	125
24	177	ys	0	flat	43.33	2	0	92	1.6	28.3	6.9	0.542	4.45	0.56	26.13	8.25	0.05	15	5
25	177	ys	2	nw	70	0	0	93.3	1	22	8	0.583	4.025	0.36	31.9	5.24	0.035	12	65
26	177	ys	1	nw	73.33	2	0	87	0.7	27.5	5.6	0.357	2.797	0.36	11.55	2.69	0.017	11	125
27	177	ys	0	flat	60	3	0	79.1	0.75	34.2	6.3	0.408	3.56	0.45	19.25	9.43	0.087	11	5
28	177	ys	1	w	36.66	2	0	95	1.08	25	6.9	0.575	4.449	0.56	28.05	12.08	0.104	13	65
29	177	ys	2	se	40	3	0	93.3	1.1	27.5	7	0.7	6.48	0.79	38.5	9.17	0.052	14	125
51	203	ys	0	flat	40	3	0	100	2.2	26	6.5	0.576	5.847	0.36	25.3	9.24	0.035	11	5
52	203	ys	2	e	70	4	1	94	0.92	27.5	5.5	0.25	2.203	0.17	8.25	1.6	0.348	8.4	65
53	203	ys	5	e	63.33	2	1	100	1.8	15.8	7.4	0.357	3.263	0.45	17.05	4.39	0.052	11	125
66	181	ys	0	flat	46.66	5	1	92.5	0.5	27	5.7	0.417	3.856	0.45	22.83	7.97	0.035	14	5
67	181	ys	0	flat	30	3	0	97	1	40	6.4	0.792	4.195	0.79	22	7.85	0.052	14	65
68	181	ys	0	flat	30	4	2	84	0.5	28	6.1	0.542	5.976	0.68	29.7	10.78	0.052	11	125
69	181	ys	0	flat	60	2	0	79	0.5	35.8	6.8	0.375	3.686	0.34	22.55	8.34	0.009	11	5
70	181	ys	0	flat	40	2	0	59	0.5	42	6.9	0.583	5.211	0.9	72.05	11.58	0.035	13	65
71	181	ys	0	flat	56.66	1	1	82.5	0.5	47	6.5	0.99	4.45	0.56	29.15	7.33	0.009	9	125
18	204	os	3	s	80	8	0	84.2	1.08	14.2	7.1	0.325	2.5	0.33	13.2	3.57	0.026	9.6	5
19	204	os	2	s	60	7	0	85	0.75	18.3	5.7	0.325	2.63	0.36	7.43	3.07	0.017	9.4	65
20	204	os	1	s	40	2	0	88.3	1.3	25	6.4	0.333	2.754	0.5	8.53	3.76	0.039	14	125
21	204	os	0	flat	46.66	4	0	87	0.8	21	5.9	0.408	3.475	0.33	14.3	6.26	0.07	8.9	5
22	204	os	3	ne	60	3	0	74.2	0.8	27.5	7.7	0.425	4.153	0.34	24.75	5.13	0.039	9.7	65
23	204	os	1	ne	70	5	0	95	1.5	26.6	6.2	0.35	3.347	0.36	10.18	4.91	0.039	10	125
33	207	os	0	flat	76.66	2	0	94	2.2	27	5	0.275	2.458	0.23	3.85	2.03	0.035	14	5
34	207	os	0	flat	56.66	3	0	85	1.2	40	5.8	0.25	2.754	0.33	5.5	3.5	0.052	10	65
35	207	os	0	flat	60	3	2	80	1.1	40	5.4	0.333	3.856	0.23	5.78	3.85	0.07	14	125
36	206	os	12	e	63.33	2	0	66	0.5	37.5	3.8	0.292	3.686	0.23	1.38	0.8	0.035	13	5
37	206	os	8	e	76.66	1	1	74	0.5	32	4.7	0.292	3.093	0.23	3.85	1.66	0.026	9.8	65
38	206	os	1	e	63.33	0	0	95	1.6	62	5	0.333	4.025	0.23	5.78	2.44	0.035	8.7	125
39	206	os	15	n	86.66	3	0	73.5	1.3	13	5.1	0.283	2.119	0.23	3.58	1.72	0.017	13	5
40	206	os	2	n	76.66	1	0	93	1.4	22	4.7	0.225	1.653	0.23	1.65	1.2	0.017	15	65
41	206	os	1	n	60	1	0	97.5	1.2	30	5.6	0.333	2.63	0.56	9.08	3.83	0.035	13	125
42	206	os	0	flat	53.33	2	0	92	1.5	45	5.1	0.267	2.331	0.17	6.6	4.65	0.07	22	5
43	206	os	2	s	43.33	1	0	94.2	0.8	20	4	0.208	1.864	0.11	1.93	0.99	0.026	8	65
44	206	os	10	s	56.66	0	0	80	0.9	35	4	0.225	1.822	0.23	3.3	1.73	0.026	13	125
45	205	os	0	flat	73.33	4	0	97.5	2	27	4.3	0.375	3.729	0.23	8.29	3.81	0.035	13	5
46	205	os	10	s	50	1	0	87	1	16.7	6	0.375	3.093	0.45	7.7	4.06	0.061	10	65
47	205	os	0	flat	46.66	1	1	97	1.2	42.5	6.4	0.583	6.609	0.36	18.15	7.87	0.039	11	125
7	192	og	2	sw	100	3	0	97	1.3	11.7	6.7	0.44	3.686	0.34	17.33	3.8	0.026	8.5	5
10	192	og	0	flat	50	8	2	72.5	1.25	33.3	6	0.375	2.627	0.33	12.1	5.04	0.052	13	5
11	192	og	11	sw	113.33	8	0	93.3	1.2	19.2	7.7	0.458	3.475	0.36	19.25	4.37	0.026	11	5
15	189	og	3	se	83.33	5	0	79.1	0.75	19.2	6.3	0.233	1.525	0.23	7.15	2.43	0.035	8.7	5
16	189	og	20	se	93.33	0	0	97	1.91	19.2	5	0.25	1.525	0.23	3.3	1.66	0.026	9.4	65
17	189	og	1	se	56.66	4	0	80	1.25	10.8	5.5	0.25	1.949	0.33	4.68	2.2	0.026	7.5	125
48	189	og	10	sw	60	4	0	87	0.75	30	7.3	0.342	2.797	0.34	9.39	3.02	0.052	11	5
49	189	og	10	sw	66.66	1	0	89	0.83	27	5	0.242	2.331	0.45	7.15	3.36	0.052	10	65
50	189	og	3	sw	86	3	0	92.5	0.83	42.5	5.8	0.242	1.695	0.33	3.85	1.92	0.035	13	125
54	202	og	0	flat	66.66	8	0	93	1.5	53	6.3	0.498	4.28	0.34	20.9	13.61	0.035	9.8	5
55	202	og	2	e	63.33	3	0	97.5	0.75	35	5.6	0.417	3.729	0.5	17.33	7.3	0.209	15	65
56	202	og	1	e	66.66	7	0	99.2	0.7	50	6.1	0.283	1.737	0.23	9.5	3.5	0.07	11	125
57	226	og	0	flat	80	5	0	98	0.5	58	5.5	0.233	2.67	0.33	3.3	1.6	0.035	13	5
58	226	og	3	s	70	4	0	96	0.6	32.5	5.8	0.283	2.67	0.23	11	2.25	0.035	16	65
59	226	og	10	sw	66.66	2	0	88	0.5	30	6.2	0.2	1.864	0.23	6.6	1.86	0.026	16	125
60	226	og	0	flat	66.66	3	0	98	1.5	38	5.6	0.375	3.432	0.45	9.63	4.2	0.096	18	5
61	226	og	7	w	70	4	0	98	0.83	22	5.8	0.292	2.288	0.33	8.25	1.85	0.035	13	65
62	226	og	7	w	73.33	5	2	96.6	0.5	53	5	0.333	2.415	0.33	10.18	2.74	0.026	14	125
72	189	og	15	s	66.66	5	0	74	0.6	22	6.3	0.183	1.483	0.45	6.6	1.68	0.009	10	5
73	189	og	13	s	60	3	0	58	0.6	27.5	7.4	0.292	2.881	0.34	12.1	2.55	0.017	10	65
74	189	og	15	s	56.66	2	1	94	1.5	22.5	7.5	0.55	4.619	0.45	31.35	4.59	. 	10	125